%YAML:1.0
---
camera_matrix: !!opencv-matrix
   rows: 3
   cols: 3
   dt: d
   data: [ 4.8890149870820812e+02, 0., 3.1913849760051164e+02, 0.,
       4.8881067649407794e+02, 2.4175605913186484e+02, 0., 0., 1. ]
distortion_coefficients: !!opencv-matrix
   rows: 5
   cols: 1
   dt: d
   data: [ 2.2913640133041233e-01, -1.5596400358437730e+00,
       4.5399283262270419e-04, -4.7937021222618868e-04,
       3.4352162788186726e+00 ]
